32
0.40640738600839255 0.9733299464733423 0.8302119251497343 0.5606324702202362 0.15663486842363328 0.5832084101932564 0.887629652191064 0.1772571180260084 0.8886278575777583 0.3032453877324721 0.35738565084211094 0.7821669518461916 0.7508774484782677 0.9782435250364129 0.5587321902901106 0.20351334867319504 0.39770506539243844 0.236376890022427 0.2792436356678445 0.76610354107624 0.6448110979239423 0.011435628984412083 0.5973688721159496 0.5795064103281882 0.48425181040011855 0.8852698013839232 0.28454260343613114 0.7027799782411127 0.8118057153987137 0.6708425238116751 0.38242459936682227 0.7546931006939852
0.11408726386924617 0.3561366450136877 0.6254032410179159 0.2797825591996217 0.6128881072183928 0.4156284143991509 0.657773029829548 0.6768553595341772 0.41628080947597657 0.769491541489351 0.5967858931166894 0.5888153208878503 0.708477061083949 0.7426855076349341 0.337489618959526 0.9373178326341481 0.26778769415610115 0.6464678922468838 0.20492802867944881 0.2275895056734234 0.387349295877899 0.032943875252812505 0.026603221077517003 0.990418858430448 0.264844641627348 0.08324035269648844 0.6573643139916899 0.9291877604266395 0.8073008756121435 0.8169672282910098 0.001016329479179734 0.1308430987348177
0.13597475900562406 0.28157174090892634 0.3732033688265394 0.9510321708686144 0.9191711138242867 0.7071675586925183 0.14258555725428068 0.3811811879600193 0.5964099349693547 0.6179459438831724 0.48462885911864995 0.9206070505436624 0.6302618844031371 0.9923379685440807 0.939896514951933 0.8304111046346393 0.7789192923071578 0.30722525321494853 0.394786067286617 0.45344165592416075 0.7055076128396772 0.7526237323879578 0.6066853519357226 0.18687785837683835 0.29650169892442146 0.4155300441951665 0.08119603510885409 0.7920269236956962 0.742783769023073 0.4060836373039931 0.39608153950762726 0.9548453599197018
0.6447608156393047 0.641561112139591 0.5141260448674174 0.9719199095866503 0.6175713758377556 0.9101733532006873 0.13482785886657145 0.09821695082277726 0.9000405582517546 0.42665155944749755 0.4858996009401989 0.955252642759514 0.05417676218417267 0.9077857635942722 0.39530604715339357 0.5551306839498203 0.18576668963158782 0.7386705126414923 0.6569236525411589 0.5505741981028539 0.7252203126741248 0.7842029784099636 0.9326798410475954 0.5167642214866822 0.6438939210955026 0.6127159628281379 0.8885091370131157 0.5767100852042053 0.5756158002163461 0.7179346109716623 0.4274943318603741 0.43707829481083904
0.6206783943621101 0.5662150729475716 0.49227649734025736 0.8296347719310587 0.9496187136213596 0.10905353237306736 0.5609288689458752 0.16025089914359636 0.060287340132457734 0.8115102405879074 0.5943271934829324 0.8575128031605105 0.8525607167583127 0.19714112518341997 0.3366321389543926 0.5659894565811718 0.7052484168034999 0.4987658274080815 0.23809318010564562 0.8592500830563576 0.08941368112570103 0.5918368228273034 0.7117240462949382 0.5862984422958386 0.381188223809782 0.27736457777280654 0.9029376621875089 0.04862931986407959 0.2102543049263068 0.4049818080631624 0.6180601923166353 0.40025473488058017
0.16105111677325323 0.6326180964529066 0.7616012379918394 0.8595286523701198 0.8342768405783902 0.9385316614109348 0.06544277191900205 0.08041437329566903 0.5484425263503893 0.48744275190775355 0.914466605947293 0.14129970673864922 0.6658122926320161 0.3087549864906214 0.8634890609945487 0.4887502984008444 0.08360757611712788 0.12449970227403095 0.8885584028959472 0.576439328662781 0.9489126386653276 0.7975668850198151 0.4868620625106981 0.213456610187157 0.30032224775630156 0.6213630917631137 0.6323871809538133 0.7132702624062508 0.5885993985799484 0.6100630158405445 0.8207523251725658 0.9332880393101508
0.007092282958517826 0.5379083325197667 0.4865281974910516 0.825243851262442 0.7944785788065771 0.3917856162535971 0.9972446386578414 0.9899769925484159 0.2441002004336904 0.8581829398696974 0.7747595991925721 0.07505156052351258 0.7303569706074502 0.24748215005436125 0.5729285408082847 0.055625203316862604 0.37907770500037663 0.4985214499450138 0.06408875354616073 0.7826444363137253 0.8128448507738477 0.3627472523611408 0.5096180362990285 0.512709350984513 0.9558033850982122 0.6125758802032751 0.48665978989536485 0.408787532857545 0.2703541131177962 0.7562793923482165 0.26512134470432147 0.015347187918696603
0.3304656043252334 0.16856765228057602 0.23969303756164828 0.519960573294914 0.8787436566274809 0.9484352461881743 0.5283377099263904 0.04193421432440203 0.18388113422076835 0.16594670431581893 0.020965813972775305 0.8002579672807529 0.9791381391805019 0.7815482558718563 0.673649579288634 0.44278211846645465 0.6975323283227357 0.7473089664323584 0.3402023603550215 0.8425913860453976 0.7581136000886066 0.5432300073471649 0.05995114312303529 0.8885634988714944 0.1780418417978189 0.3990282812162398 0.3318065239799216 0.43959534791668486 0.5018617448323023 0.7122465891706514 0.2580852137817088 0.8865465470099632
0.1842176808082321 0.2281197644442644 0.7460081866586572 0.3484549674120627 0.3699292572141576 0.14259840699337634 0.08562207253077958 0.23066201972049416 0.5184996490116018 0.9206642601797956 0.46156621621163896 0.7750869204680938 0.0559038150305845 0.743169275655701 0.7239293567204576 0.5013377092281067 0.9259136100555956 0.7892347342875091 0.42985703911634343 0.07614075242906582 0.8535132767792255 0.5830843226344233 0.5742826778326935 0.9884491242602002 0.14335738190203695 0.6173417135163108 0.8125606476269673 0.33795164484749873 0.45303831272102524 0.4724585375671011 0.917724369563321 0.5888217982984605
0.5745163229230003 0.7391194681811917 0.276265277672214 0.005460266304177841 0.08129767539671207 0.36724796603597 0.9667622013455643 0.8731482077628286 0.4387670519745367 0.812744218411757 0.9063435544718124 0.1432404770240333 0.3742336725971823 0.18643049726115457 0.03322035054926964 0.5116942819441368 0.42783193056804036 0.5993837398378447 0.8149284346587372 0.7332190760373701 0.027620238279305598 0.17613218627178484 0.21106177632328427 0.6349589986496873 0.2269352836970936 0.8626455195299465 0.20310853370452886 0.24487518872312386 0.1829017694699293 0.47864121838203433 0.2849429042671817 0.08907154267225414
0.7982194875126087 0.08511795278617762 0.8930726132064988 0.24380971781265348 0.8949566434092195 0.6918301697980666 0.9795457578609974 0.3844577981831948 0.29474792857409304 0.3172980406865682 0.896360257087486 0.3644105325392397 0.28148585705478035 0.2047403545200881 0.7962472322417048 0.5848222687831849 0.39110001170745656 0.14868942558366882 0.8781263886390777 0.5597744946543998 0.7201817569672729 0.9229665114657768 0.9033070482455778 0.711837117750987 0.38715351359023287 0.23994910525658086 0.8740248263459076 0.7165501527531002 0.034378661195160864 0.9484125310448165 0.9643544267246126 0.33603561526541104
0.41264201366772413 0.7311519516369402 0.060529598600044476 0.1606014354298959 0.21916306481471404 0.21185814779596523 0.09668863446788933 0.05139525782592769 0.3406146053866377 0.5750633512824461 0.9384485715824877 0.7135885689184286 0.8754058048079842 0.685227731135833 0.10459147367589716 0.755962485529034 0.5297055855572907 0.8262056539179972 0.6707332212374312 0.3579244980310532 0.49394429721718036 0.9738951889733483 0.6224688445359956 0.824950767938216 0.10139489816046099 0.3891277969276745 0.11930027239019925 0.8552196089665662 0.3275352453557754 0.287009019752658 0.8214776542761708 0.09832788337639387
0.48906240554586233 0.9867711524625614 0.6631129804101907 0.8990076368275851 0.6876358765921795 0.815559948258232 0.14632702024999533 0.17446625152293538 0.20210575844616718 0.020034210131089747 0.3554493915228162 0.05561260604659324 0.7436212618924848 0.6035315257054351 0.2534742650585944 0.5862065226638752 0.7506188785553892 0.5949301353097342 0.9103908044003011 0.43973330289608903 0.5567904675416568 0.9507214886072111 0.5691545397459294 0.44781853954909 0.7009505452447335 0.03267111261465783 0.2376764290171628 0.9714279463365609 0.9266012978202066 0.9251672764349639 0.9981213064383363 0.920225045023128
0.734580268833144 0.0803931268742567 0.20423095812437098 0.07718106886144838 0.12600657611789168 0.437231802665779 0.9266145006374332 0.8257607874274976 0.34886536415695546 0.634212304542254 0.06132438588123912 0.11475095844121497 0.778857848702731 0.4980867027339553 0.514800948458956 0.4435725399322388 0.8829077387427228 0.12428781278833312 0.2753767755870792 0.3934419658659556 0.5919431055535289 0.2658895352241536 0.003046379377601216 0.27259916355136227 0.7400707938399746 0.47728891516436733 0.5176959214161131 0.7190997604427344 0.26865959099208603 0.5082970324464605 0.3093198023372724 0.8443850302086976
0.23592440489724653 0.13374029456672132 0.9587277624275171 0.484994644542186 0.5063339832752428 0.2935617091223285 0.9054627578243892 0.8987636472141662 0.034998733886349886 0.8531775990044365 0.023254357397434755 0.9214897904188712 0.18601580381675464 0.40210120809471206 0.8788049479810291 0.24198936238751034 0.7960732668476537 0.8423952612845612 0.8468586523235621 0.8436283256066442 0.6138102604456136 0.9858591606151403 0.07613285741487508 0.22411414148275566 0.8597673152263858 0.15334060899348412 0.731363410721953 0.6428542571310581 0.2292282088236064 0.524312821359146 0.7421144979440164 0.42278583169460027
0.8524746390537508 0.46114979343880624 0.42202294164244947 0.8901857448932332 0.5358783333410527 0.4580671601302486 0.4483024921484674 0.694808565544596 0.4697810724966559 0.9533145345644055 0.7785438382803129 0.581405129084553 0.9717612825637479 0.23876820192105852 0.20447536437016922 0.9571656807387042 0.5915993249877141 0.03056897037605555 0.9450421283641547 0.22547285184373178 0.5706175686240743 0.571998043235026 0.764206709060928 0.7279625166347763 0.1744320483263403 0.3943718206022385 0.15430515751885798 0.9224558121751528 0.3506689465327174 0.6860145530436215 0.1601846358349357 0.25767633745500884
0.10371724973716034 0.13902955587004495 0.2212153781021905 0.4985193004118601 0.4746788893014451 0.0010107552669652575 0.027593162915124703 0.6218070130889177 0.5581239298350328 0.3069490843681004 0.942370436703243 0.38786260657237537 0.9289281556807766 0.6546608672153075 0.7767570372609601 0.8955421676306772 0.6913956587011634 0.5864910960197872 0.683904242577724 0.10286760118361149 0.8529629251796489 0.0693200311349732 0.20001421617826975 0.04252151852558317 0.6708459048376068 0.6373883952878144 0.6239319418158452 0.06420318821057713 0.9473933221430589 0.17039871651269412 0.19910166553645958 0.5280556904888871
0.6913007967364293 0.7615626145228499 0.9529480667379175 0.8725309834465499 0.5002774331703929 0.589170273461174 0.4765354690507486 0.03757064004739863 0.32510414389400355 0.8839407031402015 0.1279318940423182 0.2748783917849964 0.7587526418909616 0.207411366286411 0.22100037218774327 0.3984528125350799 0.851837479430529 0.7529461793733586 0.4874385804717435 0.7933398432256652 0.22885020637195308 0.1960199936677739 0.333314356327866 0.10621709502289156 0.17011399316679776 0.5901099486214941 0.5123143673101753 0.08483252330095903 0.904572486954767 0.2374214078633552 0.9664815144384067 0.9124118478814529
0.09021742501442298 0.4382539593028034 0.7131217702001806 0.019765734453024764 0.6455794897317472 0.4580797436077898 0.7729426656776572 0.6851865641437679 0.16077600153419536 0.3877429501427979 0.5227670146365475 0.1693733475463759 0.5671116442841271 0.5159742347642277 0.43035308960409857 0.5634353202644314 0.6988567397718586 0.3786898241265073 0.2737874182690655 0.33871657756932927 0.8743619273427203 0.17111135408630407 0.048501467774375806 0.07032091615848113 0.5750531222021042 0.05075605222016222 0.26287463319788096 0.9192064158194215 0.4136667057901592 0.6469441176715317 0.01688082952240988 0.5391223305563795
0.8886737003064707 0.1396346384150936 0.4274580038792576 0.0845107008718402 0.18293998119348742 0.8681736962819693 0.7414166280723152 0.12489484691586095 0.7244537501522177 0.6055298256878705 0.20200866452610955 0.921925174474711 0.8501358571575408 0.24621720323050988 0.859488052172538 0.8715927541267072 0.03789830018269491 0.07689742450985237 0.6597825998140427 0.11687419776166641 0.3314780388450721 0.16875911029747592 0.8744241232968675 0.6762134133565284 0.2062497943874413 0.06825690863144174 0.9842460515739754 0.7490328167249678 0.867733610159824 0.31793632565698193 0.15749721079493884 0.9432183943511528
0.6006219692904988 0.6027079143980699 0.7661832589250173 0.9271343029849576 0.37639459056668356 0.8872466024623931 0.992087465380626 0.9112722873150336 0.6150288599271345 0.6500993810008185 0.5169543188677986 0.8063257981862187 0.833235366665129 0.6188951625633636 0.9540799747205523 0.6693242808112732 0.2538412737395691 0.7748746903071064 0.023178296200024873 0.2868733453684571 0.8241552141753268 0.43042270194137566 0.10477558470897985 0.38615680564160915 0.1389634597015026 0.9523420310323515 0.15098535403050872 0.5906284786938526 0.8015378004285499 0.5424313407545702 0.3901268466391773 0.09404190777223176
0.7933497230400745 0.644152163862727 0.4467809433103759 0.6279677837349457 0.1253021617491228 0.30105255000715136 0.6600519680282265 0.21523009109870106 0.13502558124278197 0.058282305339827034 0.5822500281775577 0.38584426283943174 0.9874225794840923 0.7000384701636616 0.919322270931946 0.21040321604402934 0.06575840719842874 0.486921336709516 0.04743390244511492 0.6476985237675386 0.921941529367926 0.40383939008077685 0.19794771480762796 0.6842901154080704 0.6394254816555561 0.2318124513510712 0.12782608664320305 0.1621967479257016 0.3048460107331956 0.4757083111315692 0.5295934967151451 0.1916767202606815
0.3648335026908387 0.9220851327584877 0.6070729703223928 0.9225093889698824 0.06887902806593882 0.08198588837226695 0.19214640575408282 0.05727472897096686 0.8969693183357154 0.19044713987051898 0.62595692133683 0.46339964925462473 0.13861271019215726 0.5436071769234108 0.8099342383766372 0.18815811032798813 0.4263071987065482 0.9030828626347842 0.3649221055558447 0.16954244714959188 0.45334345592569614 0.00043861081846918726 0.36061379232163837 0.9660365308567614 0.06296569020903042 0.46893729320273037 0.8967374766171469 0.9986961065737355 0.5016536313725078 0.42973160195095994 0.22825821152514736 0.34692998720916757
0.5430302067534705 0.13744379689745878 0.8387518727896901 0.5994571025430029 0.08482799030441734 0.5492763698207141 0.3761117919360425 0.33359662263866174 0.5137212832303173 0.7278439513939365 0.8968608521299329 0.040591453587500936 0.6784083913027404 0.115173779415775 0.8061638189687766 0.6696333799940061 0.6943140960549294 0.647506603664599 0.6043301920204016 0.02799052176315553 0.24214630762460243 0.19448828605555002 0.08883857722714372 0.8800692203827931 0.2561363261892333 0.6104724948014948 0.9686423372467349 0.1964674009832813 0.339292940689473 0.7632132234504818 0.340051790589912 0.7939691545450559
0.779773108569865 0.055598179254986335 0.1796445385397224 0.8013251463964303 0.9977134448441621 0.41538835421072506 0.9488153088792954 0.5447279865422405 0.31914396689970204 0.1764680001129899 0.3045019798566676 0.1954096884443911 0.07708280167134751 0.16287063621458542 0.9473469936943627 0.8351958772650072 0.23913552143940553 0.14118519761450032 0.36012817217878346 0.35579200220341545 0.39305950808077916 0.696148796724925 0.473886817998147 0.1515161724016333 0.5037831817794177 0.6510989740398311 0.25626925836273395 0.35869476704488135 0.7209411520879749 0.5783690655099527 0.387713326410296 0.10616917413407767
0.4733693095737622 0.3895653681141318 0.3425000254913202 0.4551010493561174 0.31827482590183864 0.13231858464662993 0.2776582596883729 0.7318387633442578 0.044884178138158815 0.2902983064041369 0.9497685583297137 0.18181404786297306 0.6496385585906331 0.354615912857575 0.4142186161185638 0.44603982722764646 0.41855722730797096 0.7785434959660774 0.7471898832899643 0.47388645716777467 0.13305350990977904 0.1308653176337039 0.5355768379808874 0.9927970901754657 0.3758142458735757 0.5629059766792989 0.05265356290753409 0.9236087512430382 0.4346647568575085 0.6136578785178326 0.7026718096110531 0.527045427623699
0.5590117781553091 0.6283895956925083 0.2577949972230832 0.23481898684522484 0.45881838538804653 0.822045010922688 0.485192128410608 0.0004018433138933686 0.14306169128488166 0.06301452404106533 0.6148599532484895 0.756563337271041 0.8564859276681931 0.12422485081800771 0.778671222252956 0.3875070096352661 0.24636931075443724 0.6475842769609215 0.8747328233097675 0.556832420174772 0.22578370210472054 0.019018862952969506 0.685594316530278 0.3214816414358186 0.2280592444109717 0.9009667069382803 0.20227210118712757 0.48696438074437576 0.8241806749354859 0.850320006125247 0.4750819767442701 0.10691264116248966
0.1516223273465369 0.5478095084724562 0.6745196171282762 0.31223029997962515 0.46938965844517544 0.93908534474918 0.37159291979629616 0.3214638807072021 0.08134151577886739 0.3911756711546801 0.6299458892208021 0.2520747969578311 0.8934785680987908 0.8716984807984685 0.7622442397188022 0.07846394730820949 0.26432089554767335 0.4690398484197553 0.3559070650047307 0.23751581023115265 0.16585340584116282 0.6777138629672063 0.2172836930937042 0.469752741833258 0.41416263584545865 0.11778653247665671 0.2936389477764113 0.4786370753081546 0.7412510764080078 0.32112441216726406 0.27489403186523453 0.630667061562634
0.7120248243545939 0.8567488125213495 0.29879406538974396 0.8499758911452472 0.8518356480325633 0.162902459877604 0.6833443984774751 0.5748709593569202 0.23626472271088905 0.22541805055106834 0.5973862106205351 0.18294598426286612 0.6014614336354022 0.9515556360020184 0.7831965081960316 0.46984841101269914 0.6790022974971686 0.5683613983322112 0.3393381478900659 0.7694934816063665 0.3987201072982972 0.577331490094664 0.5669281772566066 0.4861479306075218 0.5156700124829803 0.5672878806273494 0.2255563961375977 0.05828722378061235 0.47471096484080266 0.23007176977428945 0.2049961295915328 0.5980916874566797
0.21070207084650472 0.3676993856892965 0.8278551907120547 0.6661453492519864 0.7356366163113898 0.5034939511645057 0.9227587304840424 0.21090497299210265 0.925933370316579 0.9690363988535056 0.20283620763086585 0.2618152707165199 0.40422652261489755 0.9836074393690176 0.1456606906013913 0.6128687737340043 0.9863828205901629 0.5474176809104562 0.5465470351815154 0.10685776915210876 0.4914769499053133 0.057501853707092265 0.7483051086267135 0.08811038655205217 0.5401399573717313 0.5322635662782292 0.3461474055862419 0.8037870530631294 0.09149538831250248 0.6774086912774007 0.18271061636355346 0.992902113256495
0.8552814998299518 0.41500255491698546 0.21356865383311685 0.535594261646908 0.011718129500263519 0.12152584015011503 0.9151339214633035 0.9920653875155194 0.4733176702238756 0.025460633690803314 0.810546991500982 0.00794278292572359 0.5692121341705713 0.3480143773818818 0.7368516519473799 0.16346584847111634 0.07906963730892358 0.08521398421649407 0.8146033260464183 0.15289685465517744 0.9402419229124231 0.32960399325093936 0.505387260430114 0.921155821702285 0.004045838143615588 0.41387603872410694 0.5362593190524957 0.3054670854610648 0.020687678256090858 0.5503357394797342 0.773036907221021 0.9733690700600632
0.48474174793459923 0.7645282246005605 0.11584259452803636 0.4154483030835924 0.4747008099064981 0.9901551313472606 0.8323064229259121 0.11133689591413432 0.19760143230794824 0.6514325579809404 0.2594724055638853 0.28974372900671785 0.4141861074380536 0.7764950510430273 0.5669201046250963 0.7641653266015977 0.2742534557192927 0.5387946485253313 0.3929982319349974 0.4845674609766568 0.5495712115577545 0.38258220455280245 0.8483640364712101 0.41641384166566886 0.07691978619588924 0.6501383497956669 0.7265525978898343 0.7661939995564865 0.5463315828699541 0.5978357601110801 0.49358454303289734 0.9123035113066942
