32
0.9580791473651362 0.42830539148241886 0.22641225377230767 0.8550176201407227 0.11027239905386665 0.9270203987399191 0.06720852347051043 0.17526865443868178 0.6730890864721836 0.9369068944064962 0.7733288895802062 0.5892539867339849 0.35759008183078467 0.9873069299555925 0.10492566875825426 0.49916623451119757 0.9943092389463046 0.6786424176547972 0.7163172484794895 0.4719374554712188 0.7640902397071315 0.7573537361620842 0.6140737797109886 0.7730542765306957 0.9638586197529299 0.0791098943556029 0.844970039783023 0.9834397661641615 0.7976666969433949 0.8750745185413916 0.5852567087753857 0.9921494208354389
0.04716674952356137 0.9626094037049896 0.6457674239647803 0.7250529923105798 0.7640520929484091 0.3147462268685146 0.43390082306877 0.23629466880422 0.7430366123310562 0.5890583227927395 0.1398083515639985 0.315271168519185 0.022130203853235164 0.804234269429336 0.47158679121047553 0.6948628706025177 0.41975086964831854 0.19049948695352714 0.7549015600192567 0.2544674780486007 0.2953355541658339 0.11113437211891342 0.045692223958403555 0.8570129762598103 0.44071588239223347 0.7443001550863239 0.024835613097208498 0.8578073542142002 0.9302876932923921 0.3138633020445776 0.26776339420354855 0.8982586743651017
0.5843255059443846 0.8175795397740772 0.7530228168191818 0.5852236443752168 0.6841149581728427 0.9816323527295118 0.08022946209309634 0.5431387230644925 0.4767016711810045 0.5355027624791456 0.17976677394643814 0.2651660614918607 0.9581981019098883 0.3339158658610526 0.8421056095162242 0.7213769337294895 0.5744598287785583 0.15225541730225478 0.30551428198020847 0.6640619944669613 0.4355588051349406 0.8522778279401131 0.29436478640734864 0.7573130432697563 0.24023894588990347 0.2762622742232623 0.29997254484929325 0.8794851686391641 0.7106569960415335 0.6761142602755453 0.4610639302520515 0.2024241829839184
0.4322225314715197 0.24927849404110958 0.14714398082273483 0.6747886139778952 0.5924757546290439 0.1824702490435861 0.7708416258321857 0.2509406716607523 0.8590451745588947 0.8395398465590272 0.7605464638034424 0.770609868571919 0.703024503287669 0.363763736646608 0.8484183763609863 0.8312636391915651 0.17469151729887644 0.2236368691817857 0.12185731294532276 0.17484020454339766 0.8979751904188028 0.4131829759071324 0.40619374804835107 0.5938070049164943 0.8970029844016464 0.6808811738601623 0.5280896943427309 0.4136393789192728 0.6896767403385017 0.8039601735059618 0.16839214668930713 0.5807993484570471
0.5036827682162546 0.21007379441903762 0.9207987909034506 0.38280834821540477 0.7817395817402856 0.15923547227849344 0.4972356705566452 0.8348330884361003 0.6522949565847691 0.9125897815860587 0.3958843885813157 0.699344376006018 0.03330102473029928 0.30487191555476667 0.7910014656456081 0.882812732336453 0.5902824515260711 0.46180892139476204 0.4579404364460724 0.08769538710444968 0.285206493766314 0.30897478353457575 0.7245705841233393 0.7749919464200893 0.15466370306796862 0.35850705034383623 0.6682565087717564 0.3034060284053367 0.6566245302487959 0.6599066906742922 0.015644612650711376 0.38254744053526524
0.6612962524014957 0.2874441675183026 0.1459262661570807 0.5629656502473792 0.17739203675114978 0.9163064235891388 0.4364855163753375 0.42173575657488216 0.6451101817280418 0.3162846395325535 0.9639625719246323 0.05756850943090086 0.3313934521120031 0.5920195074413287 0.9632615906263233 0.6414016421573877 0.5901655372907434 0.7683000803960705 0.9802981887891721 0.40479843664962867 0.4512392071852911 0.372949477983867 0.19217982950187196 0.9469077845602751 0.8899354301247994 0.392230062992859 0.20101034638538495 0.7125473054386706 0.7459832971334961 0.07766856691293778 0.8036837202297661 0.27776808384903817
0.7184097365541299 0.6770217810154038 0.21770586531848135 0.8925883452548506 0.3026124890241909 0.5420382677160716 0.11402851828145721 0.8850131897675444 0.7565201520180873 0.6404565252299711 0.03248253209874874 0.46797964634928546 0.7791905241345262 0.3272411486824086 0.7853840145047892 0.02803850464217217 0.3323862439924884 0.9466216418784232 0.6146365062872172 0.21554846935184124 0.1498168488807725 0.08127301179040325 0.4980744890357839 0.9112363840326634 0.6512538857557294 0.8224270936105726 0.7227349442906338 0.33732464623403324 0.4776158453436029 0.34052983598505904 0.1151204190769014 0.5325775661931079
0.8860650782594272 0.8366943830495677 0.7558155972000268 0.7153485168842635 0.6117994045824391 0.907514069772665 0.8598275052409133 0.21938587000962795 0.420856882762776 0.39600964498559155 0.6528091194408906 0.5356737559632097 0.7002203322567312 0.011839424837201906 0.6343712411548024 0.5750312764612293 0.7812829338132891 0.18291232302026472 0.9390874439288932 0.8499770370188563 0.4383242854239314 0.397436217679786 0.5382619433897788 0.3303857698114099 0.05827674435656882 0.11501371667963367 0.09647916593132899 0.7974871784104901 0.30987109620638464 0.4822072940151936 0.15531137241681503 0.20764881329736773
0.09764922979025492 0.5882104691439989 0.8051055546755077 0.8686306215591275 0.47954926348637505 0.21567293996630843 0.5513858302042292 0.5506247860626989 0.3146295912214664 0.00919916040001234 0.7535503055135894 0.09938728383989814 0.2934462271418067 0.5912639620116465 0.6287103726435814 0.4300297982086416 0.3125562784556266 0.14298526127011124 0.41615133201907983 0.24516878819630583 0.25948989360666364 0.5621474695288613 0.31865707408702404 0.4084175906019246 0.6501176597103807 0.10727300619632041 0.6713756308647697 0.05745151184185815 0.868955436861389 0.6820207707616351 0.5764844072663134 0.6932369636638189
0.9931311522179466 0.3119177522848603 0.04685003199816151 0.5171215392240692 0.20946891294135128 0.5287581825301731 0.133909312396157 0.9523617004384646 0.9387062898340118 0.28292310642253393 0.971943453730748 0.8692282181410015 0.3716639891861202 0.9776400428334888 0.49914190861252594 0.29438771949572207 0.9963887749761772 0.3143974231123221 0.8007059139139735 0.8513647302060421 0.7522552884797592 0.5893086855508712 0.46850548439214135 0.01429575845397224 0.9714731488662812 0.8071321147321022 0.3123912844005974 0.028976911301516695 0.2823062477883622 0.8793492317324486 0.023838851030662744 0.3880220445179603
0.9194918873946559 0.9949685531003353 0.011398508651768724 0.9294780126641159 0.9770507053227753 0.6364150056511612 0.7348815061455034 0.5875250427639043 0.16869537848602612 0.33108107209467297 0.11696303777555561 0.011601457606456811 0.22286661046624168 0.23712689064013426 0.101007132161131 0.5528782740231462 0.07750152267424315 0.45219492794330307 0.8010848758222442 0.285611362235882 0.4727763539499945 0.21712361258632573 0.5944269391262494 0.8301068576296765 0.6086655040336861 0.8031923862649623 0.6512565412958444 0.16906478748475917 0.1503832023417796 0.8899927922033929 0.6460292997943073 0.8850724862871756
0.48830125580333694 0.44988445512500586 0.7244467720737042 0.038370619917381 0.5328477013962906 0.5251336337564383 0.6280677236198012 0.9366008415888375 0.3285044041434728 0.46398417744459797 0.30309433201086056 0.05244080221775693 0.47198753660025705 0.3472456076747894 0.8307309681360824 0.9563982014511211 0.3063757641726743 0.12925601193418867 0.14363176121366705 0.8743745564946546 0.6088792774076032 0.4866138120708027 0.2617031960464262 0.4820877040082967 0.5863724814583736 0.983766208399787 0.7925229658916915 0.38280001940005703 0.16823009732312022 0.396732305291989 0.04982529972247074 0.853744306993279
0.08956020650970298 0.39068996350739305 0.5885776273134539 0.597447060646273 0.4235619621075394 0.10134581380976149 0.9158767965814079 0.8281023630171954 0.460409946058864 0.9207856905067175 0.17216533651997112 0.10275941310219794 0.21974478288733867 0.3078610402603891 0.10428853621313883 0.6900896773335018 0.648220014932088 0.851265479491739 0.5019612707487774 0.8196720916918796 0.4466604349777742 0.5363796877695588 0.7040217830391896 0.14571816810468874 0.3288523206976388 0.505017003425089 0.04842981051725437 0.32816370324147426 0.5044115301431208 0.44447619023152896 0.23306782048425634 0.9642929638889716
0.27994143509793734 0.27878477622207354 0.840408997316051 0.4218861444898212 0.836739005686302 0.34963900232069023 0.10953008750018389 0.8518022212169098 0.5515122455863055 0.9374298321226731 0.45909071173755034 0.15516498455725047 0.8152660338537145 0.031136267076857904 0.9833287381384475 0.544941366347291 0.27957158931249515 0.5373155706201707 0.407331201177487 0.2421501907287189 0.012478789128830492 0.9186705475614796 0.5492148169983043 0.8190264188065551 0.2511050719796848 0.1317495934133771 0.3535222614448782 0.07029365214931615 0.9931581861116217 0.12174466622524183 0.09547561341235467 0.4949504632147663
0.3487422663953861 0.2991081817796746 0.041425177696708615 0.6340076058136497 0.5199215496067878 0.8824951583388175 0.6229360766159557 0.6374765332428082 0.525675074385153 0.17685728885615937 0.3587207038532446 0.32689911891373835 0.45024584237150234 0.9507648354301067 0.1511382083181737 0.267844336050609 0.2992311326326583 0.7374785294518573 0.8338187062020173 0.748887236600982 0.0862225846507535 0.38338273284660096 0.12353118708348487 0.692223753104304 0.3533841276249642 0.46749070034186857 0.5406676530002168 0.2744704517941732 0.5000475870081915 0.25021387039932796 0.2000038917823067 0.6244581686462822
0.1463520603525852 0.9276152497326132 0.15173025856363842 0.703524837178151 0.7947975842210665 0.07363879910569748 0.34163403972504136 0.009896544258483853 0.15886317874194988 0.6114951782790369 0.22519921121978148 0.3413072956082751 0.7320561901849312 0.16531110633112744 0.2193105641707258 0.28716704284488137 0.9215946615363625 0.6714598416324024 0.2303686135556997 0.1869442635330535 0.19440536444726175 0.2788636102549622 0.09424991680705364 0.14051064138947444 0.6767275411903654 0.6071196917714635 0.806534779012606 0.4925595590381133 0.8642970065804272 0.6880376868712715 0.17189534762095748 0.8688818333553574
0.23479994705193785 0.8812455622462225 0.7577098065558265 0.7379819362439306 0.5015032876545307 0.43336119418978414 0.32415599529812333 0.14491191765504607 0.9829269257257396 0.5053635598346595 0.7952514965571569 0.4441197278086886 0.2696199054652094 0.10220108389185456 0.9772356950172711 0.28705211128194075 0.4976514012006943 0.3112763266669545 0.5342712298344598 0.021797536631918746 0.08543762718722403 0.7204052441848435 0.19034640954014292 0.25752737969980266 0.7884683755851143 0.47289181145254944 0.18197986731566118 0.17096123534031427 0.41793314306538354 0.4524754443682878 0.37235948876348735 0.5166124745855925
0.66668981161659 0.974710019553211 0.12217282222937609 0.20273033517964145 0.724399723674959 0.9267734064452099 0.0905373860706743 0.005888804848459106 0.7690593024340375 0.7495191879358176 0.8002574836756883 0.02386494543374773 0.042996363595062315 0.0962716803288094 0.11792730881275026 0.5513553356582201 0.7561700862806898 0.2877057773621259 0.9387679000350218 0.7180745115156849 0.39124810920021114 0.7207214987017919 0.7624901955947094 0.29565830178506447 0.7641479004577891 0.7290727404034647 0.9411473562971887 0.6885867575336178 0.8627014182159974 0.009391790624416418 0.6984450117184722 0.10217102351303764
0.07447861821764346 0.3253018913100004 0.5805970937761551 0.5202106579293189 0.3749593798968842 0.10293933446855563 0.20786465261235243 0.16765977834276136 0.2936167520444668 0.05907018098709882 0.6632774293784678 0.48307716254729327 0.045208189355556594 0.8169561284671475 0.5910076103905584 0.7562946716125505 0.010609326049187517 0.40109308551478184 0.6072919527220171 0.29433551942064606 0.5088532641712595 0.5659251930373512 0.4704598900219794 0.457937369065865 0.9913673506526169 0.7082900677975089 0.5014387082716218 0.6484566686059167 0.11889978680582658 0.6828485902693273 0.25536723293232644 0.7953460953169489
0.9829948081478425 0.23579401937042177 0.5374117738060828 0.16689322406510887 0.3401324030179421 0.5350088737712436 0.18878750521446774 0.70972005811727 0.10939564660270606 0.1361737291185824 0.19677700962895606 0.1995983764593967 0.9945821735723513 0.5666511759147255 0.45566292921776275 0.38103266917297884 0.33118412795672403 0.6032378779981175 0.6141393728742325 0.36434423463525656 0.07578989704449723 0.5600388267596857 0.5656594687996176 0.7580262456276682 0.5194655545400807 0.8635101106159743 0.21599684642395034 0.020633024349355433 0.6705057887153512 0.5582744961912501 0.3240739119455054 0.2513497465500699
0.08923811993922637 0.6524929263621265 0.440104252599656 0.37282903026716663 0.580038377611044 0.7888287532206224 0.04710889226776416 0.6280867942697755 0.697608716417381 0.37163231402542074 0.28994748019876615 0.9912163461537754 0.34642290798587916 0.23128469582696276 0.21387615306346008 0.5866932793585194 0.23962736706925214 0.9583952743520594 0.7470186857518141 0.5803961923438088 0.7679610201164268 0.5588411107117216 0.9417624245886584 0.8576904435131979 0.17450639584083028 0.8998391635434615 0.5249636159693224 0.5408990549684735 0.37159085953418236 0.19892171564607208 0.31085832131948943 0.8663401410542761
0.9299417043355052 0.33646455084697025 0.9895563557755452 0.5571416339371467 0.25454774225635024 0.928633095019428 0.7821398795359057 0.8283100983061878 0.5110991619152547 0.24057233903711195 0.2340018650232244 0.5290057575365787 0.9253874291288602 0.8189467713307346 0.528237167783439 0.9775337223873941 0.3258142016919663 0.9362581525370612 0.4982257031083993 0.24665388274972067 0.7598021636814141 0.9366702457159448 0.4280814519723043 0.5316096366840767 0.8114287010180307 0.3183194694786592 0.10176898183831562 0.8222471157318563 0.49295107529985105 0.2985664070171733 0.6942604408701101 0.33516376532964953
0.9195667454781647 0.9568957661375882 0.6361826849983812 0.49208263256022233 0.8237505328985756 0.057759975945054554 0.8024554736948829 0.6623044030190937 0.1912794108227316 0.07401353569990166 0.5091494730160258 0.14326363627100724 0.2751343827842547 0.9090809582461725 0.07131495856514669 0.7720124184192209 0.40082852822579607 0.9444543757550331 0.8185361615728964 0.2570883805919896 0.6339380882295106 0.1271099308186573 0.5429439420552615 0.07138507363841862 0.3461380328067949 0.9078205419184789 0.7685139950588884 0.9313220588084734 0.27531284224565955 0.04673448670441449 0.7894466047938983 0.5404576327596227
0.20211110108111674 0.18179852816566167 0.021631942107892543 0.2718375074103473 0.4700922018840753 0.6091386579262676 0.8152972751607039 0.14384648713902803 0.21990308777894652 0.08051308968644788 0.9138962571236753 0.03997831468180135 0.6630902791375632 0.31011674268132094 0.061223790503691866 0.659937146978984 0.8189528017918745 0.2720675162919156 0.12064368164861161 0.16803535934735725 0.4565496719763623 0.46637644758380437 0.15688566578140462 0.4788441435850066 0.7976559930229842 0.9778413487808305 0.13571953217097643 0.1426581622677593 0.6836094328499039 0.14810408190789448 0.3455444453336538 0.2425585225648429
0.6717924189089952 0.279262659619519 0.34240855706811424 0.20338239635298883 0.9084243112043978 0.5645345284815199 0.09143519110658349 0.6016131901366514 0.33137891652729934 0.6090614726672856 0.32687612567290614 0.731116006829884 0.07238981398235633 0.05365078734624862 0.8461503965163532 0.137854941120792 0.25529807471759414 0.3005288349216414 0.13259565559894237 0.08510740647172221 0.1291405609349403 0.5717797218703076 0.03312171385219986 0.23390786504280803 0.19330002769684096 0.7565006647200158 0.09549197382892627 0.3938071644276565 0.09265314660513524 0.7476367240652458 0.9002383747118784 0.6876793933132251
0.9221909946331507 0.43080324725887265 0.9109302202801743 0.6925949676118175 0.395111338936015 0.09975061732529833 0.09216329525587474 0.21385192706092104 0.9777419076202729 0.47261062237521445 0.9750339584011423 0.13197480879764023 0.5016294122473103 0.2160742599548009 0.16799188420182298 0.6394398661495083 0.03823068601995616 0.02094459072172694 0.14912504965043372 0.8576641851068999 0.23420866773168314 0.44054350334499104 0.13903216296893528 0.7507313841231998 0.7084050526424504 0.1480890788451783 0.11911834288515188 0.8439145927841044 0.6252513402729624 0.42255503809716066 0.8175189170275878 0.37336205071819406
0.13542891757593478 0.23446451821820524 0.7044075766199313 0.8475512851915304 0.364516593643306 0.24377163275314695 0.6897636557466982 0.33549921416539874 0.7264314843869469 0.273077693845158 0.27671362087531304 0.5961754002268249 0.5917337930245395 0.5199619529640133 0.1990114928417297 0.27234687279731673 0.5691476755040371 0.5351255094197309 0.5305478478758213 0.4483311859005805 0.7356325825991928 0.18356660626370802 0.4696291930937203 0.5046893102082028 0.19034443394260592 0.8949100778878545 0.6853597901175902 0.7436037779899453 0.9614182581491862 0.16861465525015273 0.19542292396084826 0.4171941906763873
0.10236954611681326 0.16499806058066413 0.8746957771444359 0.34850845685729126 0.0366469310224784 0.5496815344585312 0.38877382575837216 0.7949622571619243 0.2190351853172834 0.541649719219893 0.7904053212307719 0.8511011124140117 0.0656077596831458 0.968914089307597 0.9095284572255941 0.9194366529074902 0.48316645322346397 0.02642185612318959 0.2336175651770842 0.496335545375989 0.3410430937359761 0.7987818659132432 0.9975843855654589 0.23886599198574932 0.7234360844882716 0.9103116574515858 0.5644760573773535 0.861995791538698 0.8802075820827004 0.30340073328815764 0.6537177173043746 0.7271861784779288
0.017512317317114445 0.061108817641936874 0.059501845079421134 0.15798440847776363 0.722421389539 0.24047948723579227 0.24843469396103013 0.1537519606033637 0.591949109630985 0.3212795506405366 0.27447907268573046 0.2747262401075605 0.5823387768167388 0.7955048948312374 0.17004966953312362 0.6234018468102849 0.8278174431228492 0.639099730754516 0.3779413077358783 0.8596004294658494 0.548952130312606 0.5492006487526684 0.47932902798581944 0.924918159639099 0.14789732822672164 0.11624377043903855 0.380910708061895 0.06845737929618112 0.992948682832394 0.7164016332667332 0.5372378291417452 0.8996957010765049
0.6330901242393482 0.09271070926189984 0.5020816119457061 0.05101770360788915 0.7162397277167569 0.7139912534154537 0.9794415715973153 0.7983633042837908 0.9243908890872403 0.33772228254379966 0.7480737399975814 0.5976653291952839 0.08606084609321607 0.22817117471940074 0.9899492648916551 0.7980945941357982 0.7198385669214348 0.538442370282889 0.7324455575605471 0.30835401146520736 0.8019500837207776 0.32567073062697793 0.4704560616193061 0.09626481370759343 0.10185129373141932 0.7238782145229835 0.5055156467016534 0.5720650686972839 0.5593555297107846 0.9638430225291168 0.7001165681030712 0.9072306428648077
0.2734346617190775 0.6388070010511953 0.2018953917195926 0.8035928170715786 0.9319786653626594 0.7854658715650095 0.5071675508679523 0.19490566525948827 0.04096093192884653 0.10299344432267055 0.48285132923603913 0.3853325669075276 0.7449241521389193 0.28783332315598986 0.21758348633976898 0.6303869265791253 0.38389831128498164 0.662451180145566 0.4812195858452718 0.5235566239417785 0.32876880606629044 0.6760817983465021 0.027081066937652 0.410149754888567 0.5328166998672724 0.8478725040322114 0.8596651932685812 0.4775445168449878 0.7788095163658495 0.29059062613338904 0.4274305336963288 0.3449335034992851
0.24759820526972676 0.16270480173162827 0.5251226930203928 0.8913137641162514 0.0011776673853735042 0.5593690222095777 0.40701090409037766 0.23208587070501874 0.8501671434131495 0.6747093384395483 0.6848261828418484 0.36278818873667695 0.26185387619909617 0.3795813594581773 0.7871745355705589 0.6190925486482972 0.5130838015641509 0.9479296179245454 0.12664768422179074 0.1023944212264366 0.9122040983839821 0.5175789262544042 0.26000561667910616 0.758676899373472 0.22235353471099684 0.39829890191791306 0.7931832537631516 0.2938507209611054 0.19586193179352074 0.4774063223779079 0.1849699787300655 0.9575464618446767
